1616101218434 3.7856427433700395 0
1616101302183 2.431258515253974 1
1616101386780 2.056251276947694 2
1616101471519 1.874974298092676 3
1616101557833 1.7604130691669058 4
1616101643466 1.6814056446926704 5
1616101728581 1.6233681565391167 6
1616101814706 1.5781026643704592 7
1616101900135 1.542122680247097 8
1616101984755 1.5122300979194852 9
1616102069514 1.4873634355101468 10
1616102155146 1.4656057337685917 11
1616102240775 1.4472759722076518 12
1616102325079 1.431985516562194 13
1616102409935 1.416157746611004 14
1616102495567 1.403832821008812 15
1616102581479 1.3920828052791059 16
1616102667712 1.3789905499560602 17
1616102753883 1.3678852735149498 18
1616102839771 1.3578944247929765 19
1616102926059 1.3482383672359215 20
1616103011696 1.340125618446473 21
1616103097756 1.333516679613596 22
1616103183845 1.3262610494342852 23
1616103269591 1.3205919523108223 24
1616103355956 1.3142515632386977 25
1616103441971 1.3084130877457034 26
1616103528790 1.303104464748094 27
1616103614700 1.2976320170225597 28
1616103701217 1.291558902829401 29
1616103787201 1.2850839636946219 30
1616103874161 1.2814272794256012 31
1616103960455 1.277927420107424 32
1616104046260 1.2730663118496086 33
1616104135221 1.2697404731285797 34
1616104222889 1.2653844040757363 35
1616104310816 1.2619437087700582 36
1616104399041 1.2587384980633944 37
1616104485222 1.2550798205442562 38
1616104571589 1.2521330797876726 39
1616104657868 1.2482597686280732 40
1616104744058 1.2446544621515012 41
1616104830713 1.2418312789893984 42
1616104917076 1.2392333068700265 43
1616105003466 1.2360840921867036 44
1616105089936 1.2343105762743025 45
1616105176011 1.2320071575004772 46
1616105263031 1.2295944416025575 47
1616105350234 1.2261823933186795 48
1616105437751 1.2252000938582692 49
1616105525433 1.2227356685202726 50
1616105613082 1.2213670873739617 51
1616105699942 1.2200312702135196 52
1616105787490 1.217974781105098 53
1616105874438 1.2163516768462586 54
1616105961798 1.214354668771444 55
1616106048012 1.2128027069321456 56
1616106134577 1.2108860493553106 57
1616106221573 1.2096219115673497 58
1616106308089 1.2078012789308865 59
1616106394334 1.2059957744041356 60
1616106481044 1.205171241797483 61
1616106567700 1.2036998986198488 62
1616106653780 1.2021862950815398 63
1616106740653 1.2008767735556818 64
1616106827296 1.199090678847036 65
1616106914455 1.1972002690906152 66
1616107000956 1.1960772479463901 67
1616107087314 1.193793560621544 68
1616107173861 1.1923984406120445 69
1616107260273 1.1922306427611717 70
1616107346834 1.1896846775024172 71
1616107433595 1.1892392663496123 72
1616107520599 1.1873614618312256 73
1616107606855 1.1863761032976445 74
1616107693523 1.1845806744733998 75
1616107780289 1.1832056895468674 76
1616107866974 1.1816151506400636 77
1616107953971 1.1811593109554661 78
1616108041557 1.1795826039995685 79
1616108128856 1.1782238237892606 80
1616108216974 1.1782477693545228 81
1616108304758 1.1770059763774912 82
1616108391725 1.1756798065793541 83
1616108479438 1.1744348412322645 84
1616108566714 1.1730692775930285 85
1616108654148 1.172145067649905 86
1616108742429 1.1700604071343097 87
1616108830770 1.1706716189017663 88
1616108919358 1.1693285223381262 89
1616109008524 1.1685453631288032 90
1616109097996 1.1665896209295132 91
1616109187370 1.1662601824836971 92
1616109276593 1.1658967529615092 93
1616109366260 1.1648688524042188 94
1616109455437 1.1640954743987326 95
1616109545286 1.1634321448692482 96
1616109635199 1.1628706965985989 97
1616109724340 1.1622187455294304 98
1616109813355 1.1610286683130246 99
1616109902620 1.160401881412463 100
1616109992590 1.159767721032846 101
1616110081966 1.15887343509698 102
1616110171114 1.1587406119173655 103
1616110260518 1.157382285379042 104
1616110350212 1.1571473092065796 105
1616110440510 1.1561376364484695 106
1616110530667 1.1557586096006884 107
1616110621001 1.1562006698021827 108
1616110711631 1.1550158557377046 109
1616110802009 1.153953241295688 110
1616110891801 1.1541837852109216 111
1616110982013 1.1524612092070066 112
1616111072499 1.1522791987952785 113
1616111161342 1.1523189191421228 114
1616111250454 1.1525565811282585 115
1616111339546 1.151058561770937 116
1616111427962 1.150392422599187 117
1616111516341 1.1497993874066192 118
1616111605338 1.1495088717932282 119
1616111693273 1.1497535193590507 120
1616111781642 1.149432892532671 121
1616111869934 1.1477385856660338 122
1616111958196 1.1478483959141788 123
1616112046618 1.147279622222769 124
1616112135843 1.1468214292875953 125
1616112224832 1.1468728269304582 126
1616112313226 1.1459931526845661 127
1616112407831 1.1455643899261028 128
1616112500092 1.1449260645679882 129
1616112592382 1.1441313104815356 130
1616112683599 1.1437549328286776 131
1616112774308 1.1444799831280341 132
1616112863414 1.1433939088188882 133
1616112952039 1.14328150329693 134
1616113041574 1.1416562087943547 135
1616113131372 1.1428212521476873 136
1616113221715 1.142386612030237 137
1616113311176 1.1417373339047767 138
1616113401111 1.1403784148102303 139
1616113490187 1.1409517816258015 140
1616113579012 1.1404556153289918 141
1616113668477 1.1399695232165359 142
1616113757311 1.1399015693403336 143
1616113845325 1.1384384704356338 144
1616113934083 1.1387408027404191 145
1616114023212 1.1385374138636914 146
1616114109851 1.1377124987207912 147
1616114199178 1.1378137379919049 148
1616114291034 1.1374179690744421 149
